0	1	{MI₂}{d}NIN.LIL₂-kab-ta-at	{mi₂}{d}nin.lil₂-kab-ta-at	NOUN	PN	Case=Nom|Gender=Masc|NounBase=Bound|Number=Sing	7	nsubj	_	_
1	2	{MI₂}ra-gi-in-tu₂	{mi₂}ra-gi-in-tu₂	NOUN	NOUN	Case=Acc|Gender=Fem|Number=Sing	1	nmod	_	_
2	3	ma-a	mā	PART	Quotative	_	4	discourse	_	_
3	4	a-bat	abat	NOUN	NOUN	Case=Acc|Gender=Fem|NounBase=Bound|Number=Sing	1	nmod	_	_
4	5	LUGAL	lugal	NOUN	NOUN	Case=Gen|Gender=Masc|Number=Sing	4	nmod	_	_
5	6	{d}NIN.LIL₂	{d}nin.lil₂	PROPN	DN	Case=Gen|Gender=Fem|Number=Sing	1	conj	_	_
6	7	ši-i	šî	PRON	PRON	Case=Nom|Gender=Fem|Number=Sing|Person=3	0	ROOT	_	_
7	8	ma-a	mā	PART	Quotative	_	10	discourse	_	_
8	9	la	lā	PART	NEG	_	10	advmod	_	_
9	10	ta-pal-lah₃	tapallah	VERB	VERB	Gender=Masc|Mood=Ind|Number=Sing|Person=2|Tense=Pres|VerbForm=Fin|VerbStem=G	7	conj	_	_
10	11	{1}aš-šur-DU₃-A	{1}aš-šur-du₃-a	PROPN	PN	Case=Gen|Gender=Masc|Number=Sing	17	nsubj	_	_
11	12	ma-a	mā	PART	Quotative	_	17	discourse	_	_
12	13	a-di	adi	ADP	ADP	_	14	case	_	_
13	14	ki-i	kî	ADP	PRP	_	17	obl	_	_
14	15	ša₂	ša	PRON	DET	_	16	nsubj	_	_
15	16	aq-bu-u-ni	aqbûni	VERB	V	Gender=Com|Mood=Ind|Number=Sing|Person=1|SubSuff=Yes|Subordinative=Yes|Tense=Past|VerbForm=Fin|VerbStem=G	14	nmod	_	_
16	17	ep-pa-šu-u-ni	ep-pa-šu-u-ni	VERB	V	Gender=Masc|Mood=Ind|Number=Plur|Person=2|SubSuff=Yes|Tense=Pres|VerbForm=Fin|VerbStem=G	18	obj	_	_
17	18	ad-da-nak-kan-ni	ad-da-nak-kan-ni	VERB	VERB	Gender=Masc|Mood=Imp|Number=Plur|Person=2|Ventive=Yes|VerbStem=G	_	_	_	_
18	19	ma-a	mā	PART	Quotative	_	35	discourse	_	_
19	20	a-di	adi	ADP	SCONJ	_	35	mark	_	_
20	21	ina	ina	ADP	ADP	_	22	case	_	_
21	22	UGU	ugu	NOUN	N	Case=Gen|Gender=Masc|NounBase=Bound|Number=Sing	35	obl	_	_
22	23	DUMU-MEŠ	dumu-meš	NOUN	N	Case=Gen|Gender=Masc|Number=Plur	22	nmod	_	_
23	24	ša₂	ša	ADP	DET	_	25	case	_	_
24	25	ša₂-SU₆-MEŠ	ša₂-su₆-meš	PRON	N	Case=Nom|Gender=Masc|Number=Plur|Person=3|SubSuff=Yes	23	nmod	_	_
25	26	ina	ina	ADP	ADP	_	27	case	_	_
26	27	UGU	ugu	NOUN	N	Case=Gen|Gender=Masc|NounBase=Free|Number=Sing	31	obl	_	_
27	28	hal-pe-te	hal-pe-te	NOUN	N	Case=Gen|Gender=Masc|NounBase=Free|Number=Plur	27	nmod	_	_
28	29	ša₂	ša	ADP	DET	_	30	case	_	_
29	30	{LU₂}SAG-MEŠ	{lu₂}sag-meš	NOUN	N	Case=Gen|Gender=Masc|Number=Plur	28	nmod	_	_
30	31	at-ta	atta	PRON	DET	Case=Nom|Gender=Masc|Number=Sing|Person=2	35	obj	_	_
31	32	LUGAL-u-tu₂	lugal-u-tu₂	NOUN	NOUN	Case=Nom|Gender=Fem|Number=Sing	35	obj	_	_
32	33	ina	ina	ADP	ADP	_	34	case	_	_
33	34	UGU-hi-šu₂-nu	ugu-hi-šu₂-nu	NOUN	NOUN	Case=Gen|Gender=Masc|Number=Sing|PossSuffGen=Masc|PossSuffNum=Plur|PossSuffPer=3	35	obl	_	_
34	35	tu-up-pa-šu₂-u-ni	tu-up-pa-šu₂-u-ni	VERB	V	Gender=Com|Mood=Ind|Number=Sing|Person=1|SubSuff=Yes|Subordinative=Yes|Tense=Past|VerbForm=Fin|VerbStem=G	18	conj	_	_
35	36	a-ha-ṣi-in-ka	a-ha-ṣi-in-ka	VERB	V	Gender=Com|Mood=Ind|Number=Sing|Person=1|Tense=Pres|Ventive=Yes|VerbForm=Fin|VerbStem=G|VerbSuffGen=Masc|VerbSuffNum=Sing|VerbSuffPer=2	39	nsubj	_	_
36	37	ina	ina	ADP	PRP	_	38	case	_	_
37	38	E₂-UŠ-u-ti	e₂-uš-u-ti	NOUN	N	Case=Gen|Gender=Fem|NounBase=Bound|Number=Sing	39	obl	_	_
38	39	E₂-UŠ-u-ti	e₂-uš-u-ti	NOUN	N	Gender=Fem|Number=Sing	_	_	_	_
39	40	ma-a	mā	PART	Quotative	_	41	discourse	_	_
40	41	AD-ka	ad-ka	NOUN	N	Gender=Com|Mood=Ind|Number=Sing|Person=1|Tense=Perf|Ventive=Yes|VerbForm=Fin|VerbStem=G	_	_	_	_
41	42	x	x	X	X	_	_	_	_	_
42	43	x+x-a-ti	x+x-a-ti	X	X	_	_	_	_	_
43	44	{TUG₂}pi-tu-tu	{tug₂}pi-tu-tu	PROPN	SN	_	45	obj	_	_
44	45	i-rak-kas	i-rak-kas	VERB	VERB	Gender=Masc|Mood=Ind|Number=Sing|Person=3|Tense=Pres|VerbForm=Fin|VerbStem=G	_	_	_	_
45	46	ma-a	mā	PART	Quotative	_	_	_	_	_
46	47	x	x	X	X	_	_	_	_	_
47	48	x	x	X	X	_	_	_	_	_
48	49	LUGAL-MEŠ	lugal-meš	NOUN	N	Gender=Masc|Number=Plur	54	nsubj	_	_
49	50	ša₂	ša	ADP	DET	_	51	case	_	_
50	51	KUR.KUR	kur.kur	NOUN	N	Gender=Fem|NounBase=Bound|Number=Plur	49	nmod	_	_
51	52	a-na	ana	ADP	PRP	_	53	case	_	_
52	53	a-he-iš	ahēʾiš	ADV	ADV	_	54	obl	_	_
53	54	i-qab-bu-u-ni	iqabbûni	VERB	VERB	Gender=Masc|Mood=Ind|Number=Plur|Person=3|Tense=Pres|Ventive=Yes|VerbForm=Fin|VerbStem=G	_	_	_	_
54	55	ma-a	mā	PART	Quotative	_	56	discourse	_	_
55	56	al-ka-ni	alkāni	VERB	VERB	Gender=Masc|Mood=Imp|Number=Plur|Person=Plur|Ventive=Yes|VerbStem=G	54	ccomp	_	_
56	57	ni-il-lik	nillik	VERB	VERB	Gender=Com|Mood=Ind|Number=Plur|Person=1|Tense=Pres|VerbForm=Fin|VerbStem=G	56	conj	_	_
57	58	ina	ina	ADP	ADP	_	59	case	_	_
58	59	UGU	ugu	NOUN	NOUN	Case=Gen|Gender=Masc|NounBase=Bound|Number=Sing	62	obl	_	_
59	60	{1}aš-šur-DU₃-A	{1}aš-šur-du₃-a	PROPN	PN	Case=Gen|Gender=Masc|Number=Sing	59	nmod	_	_
60	61	LUGAL	lugal	NOUN	NOUN	Case=Gen|Gender=Masc|Number=Sing	60	appos	_	_
61	62	ši-i-bi	šībi	VERB	V	Gender=Masc|Mood=Imp|Number=Sing|Person=2|VerbStem=G	56	conj	_	_
62	63	ra-ši	ra-ši	NOUN	NOUN	Case=Gen|Gender=Masc|Number=Sing	56	conj	_	_
63	64	x	x	X	X	_	_	_	_	_
64	65	ma-a	mā	PART	Quotative	_	66	discourse	_	_
65	66	mi-i-nu	mīnu	PRON	QP	Case=Nom|Gender=Masc|Number=Sing	73	obl	_	_
66	67	ša₂	ša	ADP	DET	_	68	case	_	_
67	68	DINGIR-MEŠ	dingir-meš	NOUN	N	Case=Gen|Gender=Masc|Number=Plur	66	nmod	_	_
68	69	a-na	ana	ADP	PRP	_	70	case	_	_
69	70	AD-MEŠ-ni	ad-meš-ni	NOUN	N	Case=Gen|Gender=Masc|Number=Plur	66	nsubj	_	_
70	71	AD-AD-MEŠ-ni	ad-ad-meš-ni	NOUN	N	Case=Gen|Gender=Masc|Number=Plur	70	conj	_	_
71	72	AD-AD-MEŠ-ni	ad-ad-meš-ni	NOUN	N	Gender=Masc|Number=Plur	66	nsubj	_	_
72	73	i-ši-mu-u-ni	i-ši-mu-u-ni	VERB	VERB	Gender=Masc|Mood=Ind|Number=Sing|Person=3|SubSuff=Yes|Tense=Pres|Ventive=Yes|VerbForm=Fin|VerbStem=G	_	_	_	_
73	74	ma-a	mā	PART	Quotative	_	75	discourse	_	_
74	75	u₂-ma-a	ūmâ	ADV	ADV	_	79	advmod	_	_
75	76	šu-u₂	šû	PRON	PRON	Case=Nom|Gender=Masc|Number=Sing|Person=3	79	nsubj	_	_
76	77	ina	ina	ADP	PRP	_	78	case	_	_
77	78	bir-tu-un-ni	birtunni	NOUN	N	Gender=Masc|Number=Plur|PossSuffGen=Fem|PossSuffNum=Plur|PossSuffPer=3	79	obl	_	_
78	79	lip-ru-us	liprus	VERB	VERB	Gender=Masc|Mood=Prec|Number=Sing|Person=3|Ventive=Yes|VerbStem=G	_	_	_	_
79	80	u₃	u	CONJ	CNJ	_	81	cc	_	_
80	81	{d}NIN.LIL₂	{d}nin.lil₂	PROPN	DN	Gender=Fem	82	nsubj	_	_
81	82	taq-ṭi-bi	taq-ṭi-bi	VERB	VERB	Gender=Masc|Mood=Ind|Number=Sing|Person=2|Tense=Pres|VerbForm=Fin|VerbStem=G	_	_	_	_
82	83	ma-a	mā	PART	Quotative	_	84	dep	_	_
83	84	LUGAL-MEŠ	lugal-meš	NOUN	N	Gender=Masc|Number=Plur	87	obj	_	_
84	85	ša₂	ša	ADP	DET	_	86	case	_	_
85	86	KUR.KUR	kur.kur	NOUN	N	Gender=Fem|NounBase=Bound|Number=Plur	84	nmod	_	_
86	87	ta-pi-al	ta-pi-al	VERB	V	Case=Gen|Gender=Masc|NounBase=Free|Number=Sing|VerbForm=Inf|VerbStem=G	82	conj	_	_
87	88	ta-hu-ma-a-ni	ta-hu-ma-a-ni	VERB	V	Gender=Masc|Mood=Ind|Number=Plur|Person=2|SubSuff=Yes|Tense=Pres|VerbForm=Fin|VerbStem=G	87	conj	_	_
88	89	tu-kal-lam-šu₂-nu	tu-kal-lam-šu₂-nu	VERB	NOUN	Gender=Masc|Mood=Ind|Number=Sing|Person=3|Subordinative=Yes|Tense=Pres|VerbForm=Fin|VerbStem=G	93	obj	_	_
89	90	KASKAL-MEŠ	kaskal-meš	NOUN	N	Case=Acc|Gender=Fem|Number=Plur	89	conj	_	_
90	91	ina	ina	ADP	PRP	_	92	case	_	_
91	92	GIR₃.2-šu₂-nu	gir₃.2-šu₂-nu	NOUN	N	Case=Gen|Gender=Masc|Number=Sing|PossSuffGen=Masc|PossSuffNum=Plur|PossSuffPer=3	93	obl	_	_
92	93	GAR-an	gar-an	VERB	V	Gender=Com|Mood=Ind|Number=Sing|Person=1|Tense=Past|VerbForm=Fin|VerbStem=G	_	_	_	_
93	94	ma-a	mā	PART	Quotative	_	96	discourse	_	_
94	95	ša₂-ni-tu₂	šanītu	ADJ	PRON	Case=Nom|Gender=Fem|Number=Sing	96	nsubj	_	_
95	96	laq-bak-ka	laq-bak-ka	VERB	VERB	Gender=Com|Mood=Prec|Number=Sing|Person=1|Ventive=Yes|VerbStem=G|VerbSuffGen=Masc|VerbSuffNum=Sing|VerbSuffPer=2	101	dep	_	_
96	97	ma-a	mā	PART	Quotative	_	101	discourse	_	_
97	98	ki-i	kî	ADP	ADP	_	99	case	_	_
98	99	{KUR}NIM{KI}	{kur}nim{ki}	PROPN	SN	Case=Gen|Gender=Masc|Number=Sing	101	obl	_	_
99	100	{KUR}gi-mir	{kur}gi-mir	PROPN	GN	_	99	conj	_	_
100	101	a-ga-mar	agammar	VERB	VERB	Gender=Com|Mood=Ind|Number=Sing|Person=1|Tense=Perf|VerbForm=Fin|VerbStem=G	_	_	_	_
101	102	ma-a	mā	PART	Quotative	_	103	discourse	_	_
102	103	ta-al-la	ta-al-la	ADV	VERB	_	101	ccomp	_	_
103	104	gi-ṣu	gi-ṣu	NOUN	NOUN	Case=Acc|Gender=Masc|Number=Sing	105	obj	_	_
104	105	a-šab-bir	a-šab-bir	VERB	VERB	Gender=Com|Mood=Ind|Number=Sing|Person=1|Tense=Pres|VerbForm=Fin|VerbStem=G	_	_	_	_
105	106	ma-a	mā	PART	Quotative	_	107	discourse	_	_
106	107	mur-din-nu	mur-din-nu	NOUN	N	Case=Acc|Gender=Masc|Number=Sing|PossSuffGen=Masc|PossSuffNum=Plur|PossSuffPer=3	110	obj	_	_
107	108	a-na	ana	ADP	PRP	_	109	case	_	_
108	109	ni-ip-ši	ni-ip-ši	NOUN	N	Gender=Masc|NounBase=Bound|Number=Sing	110	obl	_	_
109	110	a-nap-pa-aš₂	a-nap-pa-aš₂	VERB	VERB	Gender=Com|Mood=Ind|Number=Sing|Person=1|Tense=Pres|VerbForm=Fin|VerbStem=G	105	conj	_	_
110	111	a-dam-mu-ma-a-te	a-dam-mu-ma-a-te	DET	DP	Case=Nom|Gender=Masc|Number=Plur	114	obj	_	_
111	112	a-na	ana	ADP	PRP	_	113	case	_	_
112	113	sar-bi	sar-bi	NOUN	NOUN	Case=Gen|Gender=Masc|Number=Sing	114	iobj	_	_
113	114	u₂-ta-ra	utâra	VERB	VERB	Gender=Com|Mood=Ind|Number=Sing|Person=1|Tense=Pres|Ventive=Yes|VerbForm=Fin|VerbStem=D	_	_	_	_
114	115	hal-la-la-at-ti	hal-la-la-at-ti	NOUN	NOUN	Case=Gen|Gender=Fem|Number=Sing	114	nmod	_	_
115	116	en-gur-a-ti	en-gur-a-ti	VERB	VERB	Gender=Com|Mood=Ind|Number=Sing|Person=1|Tense=Perf|Ventive=Yes|VerbForm=Fin|VerbStem=G	114	conj	_	_
116	117	at-ta	atta	PRON	IP	Case=Nom|Gender=Masc|Number=Sing|Person=2	118	nsubj	_	_
117	118	ta-qab-bi	taqabbi	VERB	VERB	Gender=Masc|Mood=Ind|Number=Sing|Person=2|Tense=Pres|VerbForm=Fin|VerbStem=G	_	_	_	_
118	119	ma-a	mā	PART	Quotative	_	120	discourse	_	_
119	120	mi-i-nu	mīnu	PRON	QP	Case=Acc|Gender=Masc|Number=Sing	126	nsubj	_	_
120	121	hal-la-la-at-ti	hal-la-la-at-ti	NOUN	NOUN	Case=Acc|Gender=Masc|Number=Sing|PossSuffGen=Masc|PossSuffNum=Plur|PossSuffPer=3	120	nsubj	_	_
121	122	en-gur-a-ti	en-gur-a-ti	VERB	VERB	Gender=Com|Mood=Ind|Number=Sing|Person=1|Tense=Perf|Ventive=Yes|VerbForm=Fin|VerbStem=G	120	conj	_	_
122	123	hal-la-la-at-ti	hal-la-la-at-ti	ADJ	DP	Case=Gen|Gender=Masc|Number=Plur	120	amod	_	_
123	124	ina	ina	ADP	ADP	_	125	case	_	_
124	125	{KUR}mu-ṣur	{kur}mu-ṣur	PROPN	SN	Case=Gen|Gender=Masc|Number=Sing	126	obl	_	_
125	126	e-rab	erab	VERB	V	Gender=Masc|Mood=Ind|Number=Sing|Person=3|Tense=Past|VerbForm=Fin|VerbStem=G	_	_	_	_
126	127	en-gur-a-te	en-gur-a-te	NOUN	NOUN	Case=Gen|Gender=Fem|NounBase=Free|Number=Sing	_	_	_	_
127	128	u₂-ṣa-a	uṣṣā	ADV	V	_	144	dep	_	_
128	129	ma-a	mā	PART	Quotative	_	134	discourse	_	_
129	130	ša₂	ša	PRON	DET	_	134	nsubj	_	_
130	131	{d}NIN.LIL₂	{d}nin.lil₂	PROPN	DN	Case=Gen|Gender=Fem|Number=Sing	130	conj	_	_
131	132	AMA-šu₂-ni	ama-šu₂-ni	NOUN	N	Case=Nom|Gender=Masc|Number=Sing|PossSuffGen=Com|PossSuffNum=Sing|PossSuffPer=1	134	obj	_	_
132	133	la	lā	PART	MOD	_	134	advmod	_	_
133	134	ta-pal-lah₃	tapallah	VERB	V	Gender=Masc|Mood=Ind|Number=Sing|Person=2|Tense=Pres|VerbForm=Fin|VerbStem=G	128	ccomp	_	_
134	135	ša₂	ša	ADP	DET	_	136	case	_	_
135	136	GAŠAN-arba-il₃	gašan-arba-il₃	PROPN	N	Case=Gen	137	obj	_	_
136	137	ta-ri-su-ni	ta-ri-su-ni	VERB	V	Gender=Masc|Mood=Ind|Number=Plur|Person=2|SubSuff=Yes|Tense=Pres|VerbForm=Fin|VerbStem=G	139	obj	_	_
137	138	la	lā	PART	NEG	_	139	advmod	_	_
138	139	ta-pal-lah₃	tapallah	VERB	VERB	Gender=Masc|Mood=Ind|Number=Sing|Person=2|Tense=Pres|VerbForm=Fin|VerbStem=G	128	conj	_	_
139	140	ma-a	mā	PART	Quotative	_	142	discourse	_	_
140	141	ki-i	kî	SCONJ	SCONJ	_	142	case	_	_
141	142	ta-ri-ti	ta-ri-ti	NOUN	VERB	Case=Gen|Gender=Fem|Number=Sing	128	ccomp	_	_
142	143	ina	ina	ADP	ADP	_	144	case	_	_
143	144	UGU	ugu	NOUN	NOUN	Case=Gen|Gender=Masc|NounBase=Bound|Number=Sing	_	_	_	_
144	145	gi-iš-ši-ia	gi-iš-ši-ia	NOUN	NOUN	Case=Gen|Gender=Masc|Number=Sing|PossSuffGen=Com|PossSuffNum=Sing|PossSuffPer=1	144	nmod	_	_
145	146	IL₂-ši-ka	il₂-ši-ka	NOUN	NOUN	Case=Gen|Gender=Masc|Number=Plur|PossSuffGen=Masc|PossSuffNum=Sing|PossSuffPer=2	144	nsubj	_	_
146	147	ma-a	mā	PART	Quotative	_	148	discourse	_	_
147	148	{GIŠ}HAŠHUR.KUR.RA	{giš}hašhur.kur.ra	PROPN	PN	Case=Nom|Gender=Masc|Number=Sing	152	obj	_	_
148	149	ina	ina	ADP	PRP	_	150	case	_	_
149	150	bi-rit	birīt	NOUN	PRP	Gender=Fem|NounBase=Bound|Number=Sing	152	obl	_	_
150	151	UBUR-MEŠ-ia	ubur-meš-ia	NOUN	N	Case=Gen|Gender=Masc|Number=Sing|PossSuffNum=Sing|PossSuffPer=1	150	nmod:poss	_	_
151	152	a-šak-kan-ka	a-šak-kan-ka	VERB	V	Gender=Com|Mood=Ind|Number=Sing|Person=1|Tense=Past|VerbForm=Fin|VerbStem=G	156	dep	_	_
152	153	ša₂	ša	ADP	DET	_	154	case	_	_
153	154	mu-ši-ia	mu-ši-ia	NOUN	N	Case=Gen|Gender=Masc|Number=Sing|PossSuffNum=Sing|PossSuffPer=1	152	nmod	_	_
154	155	e-rak	e-rak	VERB	V	Gender=Masc|Mood=Imp|Number=Sing|Person=2|VerbStem=G	154	amod	_	_
155	156	an-ṣar-ka	an-ṣar-ka	VERB	V	Gender=Com|Mood=Ind|Number=Sing|Person=1|Tense=Past|Ventive=Yes|VerbForm=Fin|VerbStem=G	_	_	_	_
156	157	ša₂	ša	PRON	DET	_	158	case	_	_
157	158	kal-UD-me	kal-ud-me	NOUN	N	Case=Gen|Gender=Masc|NounBase=Free|Number=Sing	156	nmod	_	_
158	159	kal-UD-me	kal-ud-me	VERB	V	Gender=Masc|Mood=Imp|Number=Sing|Person=2|VerbStem=G	158	nmod:poss	_	_
159	160	hi-il-pa-ka	hi-il-pa-ka	NOUN	N	Case=Nom|Gender=Masc|Number=Sing|PossSuffGen=Masc|PossSuffNum=Sing|PossSuffPer=2	161	obj	_	_
160	161	ad-dan	addan	VERB	V	Gender=Com|Mood=Ind|Number=Sing|Person=1|Tense=Past|VerbForm=Fin|VerbStem=G	_	_	_	_
161	162	ša₂	ša	ADP	DET	_	163	case	_	_
162	163	kal-la-ma-ri	kallamāri	ADV	N	_	161	nmod	_	_
163	164	un-na-ni-ka	un-na-ni-ka	VERB	V	Gender=Com|Mood=Ind|Number=Sing|Person=1|Tense=Past|VerbForm=Fin|VerbStem=D|VerbSuffGen=Fem|VerbSuffNum=Plur|VerbSuffPer=3	161	conj	_	_
164	165	u₂-ṣur	uṣur	VERB	V	Gender=Masc|Mood=Imp|Number=Sing|Person=2|VerbStem=G	164	xcomp	_	_
165	166	u₂-ṣur	uṣur	VERB	V	Gender=Masc|Mood=Imp|Number=Sing|Person=2|VerbStem=G	165	conj	_	_
166	167	up-pa-aš₂-ka	up-pa-aš₂-ka	VERB	VERB	Gender=Masc|Mood=Ind|Number=Sing|Person=3|Tense=Pres|Ventive=Yes|VerbForm=Fin|VerbStem=G	_	_	_	_
167	168	ma-a	mā	PART	Quotative	_	171	discourse	_	_
168	169	at-ta	atta	PRON	PRON	Case=Nom|Gender=Masc|Number=Sing|Person=2	171	nsubj	_	_
169	170	la	lā	PART	NEG	_	171	advmod	_	_
170	171	ta-pal-lah₃	tapallah	VERB	V	Gender=Masc|Mood=Ind|Number=Sing|Person=2|Tense=Pres|VerbForm=Fin|VerbStem=G	167	ccomp	_	_
171	172	mu-u-ri	mu-u-ri	NOUN	N	Case=Gen|Gender=Masc|NounBase=Free|Number=Sing	171	nmod:poss	_	_
172	173	ša₂	ša	PRON	DET	_	175	obj	_	_
173	174	ana-ku	anāku	PRON	IP	Case=Nom|Gender=Com|Number=Sing|Person=1	175	nsubj	_	_
174	175	u₂-rab-bu-u-ni	u₂-rab-bu-u-ni	VERB	V	Gender=Com|Mood=Ind|Number=Plur|Person=1|SubSuff=Yes|Subordinative=Yes|Tense=Pres|VerbForm=Fin|VerbStem=G	171	acl:relcl	_	_
